image_width: 1280
image_height: 1024
camera_name: narrow_stereo
camera_matrix:
  rows: 3
  cols: 3
  data: [1292.42324,    0.     ,  617.64305,
            0.     , 1290.46501,  533.60197,
            0.     ,    0.     ,    1.     ]
distortion_model: plumb_bob
distortion_coefficients:
  rows: 1
  cols: 5
  data: [-0.080393, 0.094287, -0.000460, -0.000791, 0.000000]
rectification_matrix:
  rows: 3
  cols: 3
  data: [1., 0., 0.,
         0., 1., 0.,
         0., 0., 1.]
projection_matrix:
  rows: 3
  cols: 4
  data: [1272.85901,    0.     ,  615.99475,    0.     ,
            0.     , 1275.65479,  533.14586,    0.     ,
            0.     ,    0.     ,    1.     ,    0.     ]
